=== Random Forest ===
                  precision    recall  f1-score   support

             0.0       0.97      1.00      0.99       773
2.06589162649853       0.33      0.05      0.08        21
 2.8824186949861       0.00      0.00      0.00         3
3.40064446071604       0.00      0.00      0.00         1
4.08190481627408       0.00      0.00      0.00         1
 4.7276706993803       0.00      0.00      0.00         0
5.29436781183512       0.00      0.00      0.00         0
5.40701433045916       0.00      0.00      0.00         0

        accuracy                           0.97       799
       macro avg       0.16      0.13      0.13       799
    weighted avg       0.95      0.97      0.96       799


=== Logistic Regression ===
                  precision    recall  f1-score   support

             0.0       0.97      0.99      0.98       773
2.06589162649853       0.00      0.00      0.00        21
 2.8824186949861       1.00      0.33      0.50         3
3.40064446071604       0.00      0.00      0.00         1
4.08190481627408       0.00      0.00      0.00         1
 4.7276706993803       0.00      0.00      0.00         0
5.29436781183512       0.00      0.00      0.00         0
5.40701433045916       0.00      0.00      0.00         0

        accuracy                           0.96       799
       macro avg       0.25      0.17      0.19       799
    weighted avg       0.94      0.96      0.95       799
